Iris-setosa,Iris-versicolor,Iris-virginica
56,5.7,2.8,4.5,1.3
0, 1, 0
38,4.9,3.1,1.5,0.1
1, 0, 0
76,6.6,3.0,4.4,1.4
0, 1, 0
32,5.4,3.4,1.5,0.4
1, 0, 0
45,5.1,3.8,1.9,0.4
1, 0, 0
38,4.9,3.1,1.5,0.1
1, 0, 0
54,5.5,2.3,4.0,1.3
0, 1, 0
27,5.0,3.4,1.6,0.4
1, 0, 0
18,5.1,3.5,1.4,0.3
1, 0, 0
42,4.5,2.3,1.3,0.3
1, 0, 0
115,5.8,2.8,5.1,2.4
0, 0, 1
3,4.7,3.2,1.3,0.2
1, 0, 0
70,5.6,2.5,3.9,1.1
0, 1, 0
53,6.9,3.1,4.9,1.5
0, 1, 0
111,6.5,3.2,5.1,2.0
0, 0, 1
81,5.5,2.4,3.8,1.1
0, 1, 0
42,4.5,2.3,1.3,0.3
1, 0, 0
150,5.9,3.0,5.1,1.8
0, 0, 1
124,6.3,2.7,4.9,1.8
0, 0, 1
106,7.6,3.0,6.6,2.1
0, 0, 1
16,5.7,4.4,1.5,0.4
1, 0, 0
76,6.6,3.0,4.4,1.4
0, 1, 0
54,5.5,2.3,4.0,1.3
0, 1, 0
39,4.4,3.0,1.3,0.2
1, 0, 0
32,5.4,3.4,1.5,0.4
1, 0, 0
89,5.6,3.0,4.1,1.3
0, 1, 0
68,5.8,2.7,4.1,1.0
0, 1, 0
79,6.0,2.9,4.5,1.5
0, 1, 0
118,7.7,3.8,6.7,2.2
0, 0, 1
126,7.2,3.2,6.0,1.8
0, 0, 1
61,5.0,2.0,3.5,1.0
0, 1, 0
67,5.6,3.0,4.5,1.5
0, 1, 0
52,6.4,3.2,4.5,1.5
0, 1, 0
12,4.8,3.4,1.6,0.2
1, 0, 0
20,5.1,3.8,1.5,0.3
1, 0, 0
65,5.6,2.9,3.6,1.3
0, 1, 0
19,5.7,3.8,1.7,0.3
1, 0, 0
36,5.0,3.2,1.2,0.2
1, 0, 0
117,6.5,3.0,5.5,1.8
0, 0, 1
142,6.9,3.1,5.1,2.3
0, 0, 1
77,6.8,2.8,4.8,1.4
0, 1, 0
83,5.8,2.7,3.9,1.2
0, 1, 0
132,7.9,3.8,6.4,2.0
0, 0, 1
91,5.5,2.6,4.4,1.2
0, 1, 0
109,6.7,2.5,5.8,1.8
0, 0, 1
119,7.7,2.6,6.9,2.3
0, 0, 1
5,5.0,3.6,1.4,0.2
1, 0, 0
138,6.4,3.1,5.5,1.8
0, 0, 1
18,5.1,3.5,1.4,0.3
1, 0, 0
122,5.6,2.8,4.9,2.0
0, 0, 1