Iris-setosa,Iris-versicolor,Iris-virginica
10,4.9,3.1,1.5,0.1
1, 0, 0
58,4.9,2.4,3.3,1.0
0, 1, 0
112,6.4,2.7,5.3,1.9
0, 0, 1
64,6.1,2.9,4.7,1.4
0, 1, 0
120,6.0,2.2,5.0,1.5
0, 0, 1
93,5.8,2.6,4.0,1.2
0, 1, 0
10,4.9,3.1,1.5,0.1
1, 0, 0
82,5.5,2.4,3.7,1.0
0, 1, 0
142,6.9,3.1,5.1,2.3
0, 0, 1
86,6.0,3.4,4.5,1.6
0, 1, 0
48,4.6,3.2,1.4,0.2
1, 0, 0
31,4.8,3.1,1.6,0.2
1, 0, 0
1,5.1,3.5,1.4,0.2
1, 0, 0
4,4.6,3.1,1.5,0.2
1, 0, 0
111,6.5,3.2,5.1,2.0
0, 0, 1
89,5.6,3.0,4.1,1.3
0, 1, 0
57,6.3,3.3,4.7,1.6
0, 1, 0
75,6.4,2.9,4.3,1.3
0, 1, 0
49,5.3,3.7,1.5,0.2
1, 0, 0
146,6.7,3.0,5.2,2.3
0, 0, 1
132,7.9,3.8,6.4,2.0
0, 0, 1
59,6.6,2.9,4.6,1.3
0, 1, 0
78,6.7,3.0,5.0,1.7
0, 1, 0
7,4.6,3.4,1.4,0.3
1, 0, 0
98,6.2,2.9,4.3,1.3
0, 1, 0
43,4.4,3.2,1.3,0.2
1, 0, 0
108,7.3,2.9,6.3,1.8
0, 0, 1
121,6.9,3.2,5.7,2.3
0, 0, 1
29,5.2,3.4,1.4,0.2
1, 0, 0
38,4.9,3.1,1.5,0.1
1, 0, 0
50,5.0,3.3,1.4,0.2
1, 0, 0
6,5.4,3.9,1.7,0.4
1, 0, 0
141,6.7,3.1,5.6,2.4
0, 0, 1
119,7.7,2.6,6.9,2.3
0, 0, 1
38,4.9,3.1,1.5,0.1
1, 0, 0
17,5.4,3.9,1.3,0.4
1, 0, 0
92,6.1,3.0,4.6,1.4
0, 1, 0
71,5.9,3.2,4.8,1.8
0, 1, 0
45,5.1,3.8,1.9,0.4
1, 0, 0
16,5.7,4.4,1.5,0.4
1, 0, 0
135,6.1,2.6,5.6,1.4
0, 0, 1
150,5.9,3.0,5.1,1.8
0, 0, 1
56,5.7,2.8,4.5,1.3
0, 1, 0
87,6.7,3.1,4.7,1.5
0, 1, 0
24,5.1,3.3,1.7,0.5
1, 0, 0
74,6.1,2.8,4.7,1.2
0, 1, 0
63,6.0,2.2,4.0,1.0
0, 1, 0
35,4.9,3.1,1.5,0.1
1, 0, 0
5,5.0,3.6,1.4,0.2
1, 0, 0
63,6.0,2.2,4.0,1.0
0, 1, 0
149,6.2,3.4,5.4,2.3
0, 0, 1
139,6.0,3.0,4.8,1.8
0, 0, 1
35,4.9,3.1,1.5,0.1
1, 0, 0
42,4.5,2.3,1.3,0.3
1, 0, 0
129,6.4,2.8,5.6,2.1
0, 0, 1
118,7.7,3.8,6.7,2.2
0, 0, 1
149,6.2,3.4,5.4,2.3
0, 0, 1
78,6.7,3.0,5.0,1.7
0, 1, 0
85,5.4,3.0,4.5,1.5
0, 1, 0
85,5.4,3.0,4.5,1.5
0, 1, 0
103,7.1,3.0,5.9,2.1
0, 0, 1
95,5.6,2.7,4.2,1.3
0, 1, 0
85,5.4,3.0,4.5,1.5
0, 1, 0
59,6.6,2.9,4.6,1.3
0, 1, 0
53,6.9,3.1,4.9,1.5
0, 1, 0
145,6.7,3.3,5.7,2.5
0, 0, 1
107,4.9,2.5,4.5,1.7
0, 0, 1
11,5.4,3.7,1.5,0.2
1, 0, 0
105,6.5,3.0,5.8,2.2
0, 0, 1
50,5.0,3.3,1.4,0.2
1, 0, 0
91,5.5,2.6,4.4,1.2
0, 1, 0
57,6.3,3.3,4.7,1.6
0, 1, 0
148,6.5,3.0,5.2,2.0
0, 0, 1
58,4.9,2.4,3.3,1.0
0, 1, 0
59,6.6,2.9,4.6,1.3
0, 1, 0
73,6.3,2.5,4.9,1.5
0, 1, 0
127,6.2,2.8,4.8,1.8
0, 0, 1
102,5.8,2.7,5.1,1.9
0, 0, 1
73,6.3,2.5,4.9,1.5
0, 1, 0
106,7.6,3.0,6.6,2.1
0, 0, 1
128,6.1,3.0,4.9,1.8
0, 0, 1
36,5.0,3.2,1.2,0.2
1, 0, 0
48,4.6,3.2,1.4,0.2
1, 0, 0
135,6.1,2.6,5.6,1.4
0, 0, 1
17,5.4,3.9,1.3,0.4
1, 0, 0
56,5.7,2.8,4.5,1.3
0, 1, 0
52,6.4,3.2,4.5,1.5
0, 1, 0
71,5.9,3.2,4.8,1.8
0, 1, 0
76,6.6,3.0,4.4,1.4
0, 1, 0
144,6.8,3.2,5.9,2.3
0, 0, 1
52,6.4,3.2,4.5,1.5
0, 1, 0
33,5.2,4.1,1.5,0.1
1, 0, 0
149,6.2,3.4,5.4,2.3
0, 0, 1
98,6.2,2.9,4.3,1.3
0, 1, 0
27,5.0,3.4,1.6,0.4
1, 0, 0
3,4.7,3.2,1.3,0.2
1, 0, 0
146,6.7,3.0,5.2,2.3
0, 0, 1
123,7.7,2.8,6.7,2.0
0, 0, 1
107,4.9,2.5,4.5,1.7
0, 0, 1
81,5.5,2.4,3.8,1.1
0, 1, 0