Iris-setosa,Iris-versicolor,Iris-virginica
128,6.1,3.0,4.9,1.8
0, 0, 1
140,6.9,3.1,5.4,2.1
0, 0, 1
149,6.2,3.4,5.4,2.3
0, 0, 1
20,5.1,3.8,1.5,0.3
1, 0, 0
109,6.7,2.5,5.8,1.8
0, 0, 1
34,5.5,4.2,1.4,0.2
1, 0, 0
83,5.8,2.7,3.9,1.2
0, 1, 0
23,4.6,3.6,1.0,0.2
1, 0, 0
100,5.7,2.8,4.1,1.3
0, 1, 0
94,5.0,2.3,3.3,1.0
0, 1, 0
3,4.7,3.2,1.3,0.2
1, 0, 0
71,5.9,3.2,4.8,1.8
0, 1, 0
107,4.9,2.5,4.5,1.7
0, 0, 1
84,6.0,2.7,5.1,1.6
0, 1, 0
12,4.8,3.4,1.6,0.2
1, 0, 0
124,6.3,2.7,4.9,1.8
0, 0, 1
80,5.7,2.6,3.5,1.0
0, 1, 0
97,5.7,2.9,4.2,1.3
0, 1, 0
7,4.6,3.4,1.4,0.3
1, 0, 0
52,6.4,3.2,4.5,1.5
0, 1, 0
35,4.9,3.1,1.5,0.1
1, 0, 0
25,4.8,3.4,1.9,0.2
1, 0, 0
3,4.7,3.2,1.3,0.2
1, 0, 0
111,6.5,3.2,5.1,2.0
0, 0, 1
141,6.7,3.1,5.6,2.4
0, 0, 1